131.579
149.721
116.743
119.597
116.773
135.432
97.0242
127.254
143.242
114.893
198.123
143.905
138.633
138.928
135.084
140.21
171.005
154.513
120.672
174.084
154.389
142.649
151.464
163.031
132.377
161.065
127.501
128.422
149.999
148.438
175.408
124.305
104.004
168.851
119.07
135.08
129.581
145.247
163.507
139.67
171.681
129.679
149.387
144.094
127.798
136.332
125.206
119.242
117.171
139.108
140.626
142.841
148.714
142.68
149.039
123.565
120.048
152.093
180.07
157.579
109.044
131.71
132.137
128.226
132.319
127.928
141.419
119.344
106.413
122.561
102.614
102.245
75.148
109.95
102.905
91.0398
100.636
80.1997
83.3854
64.4049
92.9537
86.6272
70.6494
79.5265
60.3667
72.2253
38.2501
36.1907
20.6879
15.4578
42.2241
14.7759
14.4625
9.92485
12.92
12.1445
3.06321
3.05502
1.77975
0
0
0
0
0
