0.983603
1.09847
0.898468
0.890815
0.973554
1.16489
1.24407
1.39876
1.08365
0.158482
-0.470005
-0.232756
-0.0587056
-0.0161076
-0.241193
-0.399412
-0.515043
-0.356681
-0.374332
-0.966612
-1.24582
-1.76638
-1.74749
-1.45439
-1.59922
-2.06914
-1.72845
-1.90226
-1.49759
-1.49801
-1.58015
-1.56638
-1.66141
-2.23788
-2.16644
-1.79792
-1.51419
-1.45041
-1.87594
-2.70277
-2.86338
-2.95219
-2.78735
-2.91059
-2.84273
-3.08562
-2.89149
-2.24092
-2.43977
-2.8336
-2.97934
-3.06593
-3.17945
-3.55276
-3.88989
-4.18229
-4.37107
-5.1153
-5.51147
-5.56928
-5.40607
-5.55203
-6.84201
-6.54477
-6.69406
-6.73496
-6.61587
-6.31323
-6.44262
-6.06584
-6.09689
-6.7671
-6.68334
-6.84068
-6.84427
-6.77486
-8.01266
-8.86994
-8.75738
-8.71383
-9.063
-9.13815
-9.19759
-9.3326
-9.44531
-9.58232
-9.35414
-9.47053
-9.33828
-9.54381
-9.4498
-9.47725
-9.56109
-9.67881
-9.61429
-9.62354
-9.63954
-9.64881
-9.6581
-9.66739
-9.67669
-9.686
-9.69531
-9.70464
