0.0103105
0.00877849
0.00889959
0.0106124
0.0143424
0.0108537
0.00758057
0.00765476
0.00984126
0.0111964
0.00824857
0.00873164
0.00791392
0.0106937
0.0114058
0.0110966
0.0121755
0.0112137
0.0135188
0.0106123
0.00476216
0.0071306
0.00886934
0.00476805
0.00612633
0.00586778
0.00761447
0.0105905
0.0106418
0.0104161
0.00950485
0.0110298
0.00988164
0.0121132
0.0162994
0.011299
0.0160856
0.0131893
0.0161761
0.0158273
0.0143553
0.0108586
0.0182549
0.0174319
0.0200347
0.0174702
0.0213653
0.0183059
0.0197316
0.0214197
0.0231662
0.0222289
0.0180215
0.0237558
0.0225499
0.0274724
0.0268547
0.0253594
0.0274501
0.0289927
0.0262586
0.025966
0.0288175
0.0322649
0.0242205
0.0294629
0.0266944
0.0316047
0.0284188
0.0298579
0.0287033
0.0313576
0.0294463
0.0272299
0.0250554
0.0262944
0.0249678
0.0229413
0.0186616
0.0162361
0.0217957
0.00222629
0.00352984
0.00498085
0.00418681
0.00573024
0.00403234
0.00676698
0.00625384
0.00624311
0.00159115
0.0059661
0.00216795
0.00212825
0.00400548
0.0042371
0.00104616
0.00238388
0.000798024
0.000237299
0.000204345
0
0
0
