0.983603
0.953706
0.984143
1.00456
1.00921
0.944054
0.970586
0.957635
1.01105
1.00488
0.988003
1.04152
0.991691
1.02483
0.986631
0.972901
0.9752
1.01857
1.02977
0.984036
1.03619
0.993323
0.980492
1.02018
0.991883
1.0066
1.04302
1.06406
1.03144
1.04266
1.04443
1.03007
1.04827
1.01701
1.03792
1.04225
1.06293
1.06568
1.04834
1.06617
1.06314
1.0665
1.06663
1.05479
1.08714
1.09351
1.09199
1.09659
1.05816
1.1098
1.11286
1.13327
1.11095
1.07704
1.06876
1.12179
1.10349
1.12592
1.09357
1.10467
1.09059
1.1213
1.14441
1.11851
1.15882
1.14532
1.15381
1.15344
1.15993
1.15816
1.14023
1.17235
1.13286
1.18353
1.17501
1.15974
1.18409
1.1915
1.19012
1.17399
1.16246
1.18866
1.18307
1.18291
1.19818
1.20889
1.20297
1.21122
1.20516
1.21355
1.21354
1.21589
1.21706
1.21091
1.2194
1.22057
1.22175
1.22292
1.2241
1.22528
1.22646
1.22764
1.22882
1.23
