-0.250349
-0.480588
-0.354506
-0.418036
-0.424814
-0.603264
-0.448646
-0.590636
-0.585222
-0.535634
-0.583555
-0.427112
-0.388816
-0.291717
-0.518316
-0.569272
-0.754088
-0.630613
-0.3567
-0.520595
-0.650622
-0.568482
-0.721091
-0.500081
-0.806905
-0.505445
-0.554982
-0.605049
-0.535437
-0.532574
-0.543745
-0.418112
-0.610573
-0.554394
-0.385337
-0.403692
-0.26166
-0.514425
-0.339142
-0.528444
-0.430541
-0.646854
-0.498658
-0.607943
-0.367438
-0.454598
-0.503644
-0.331161
-0.446378
-0.350331
-0.342459
-0.310195
-0.363409
-0.311142
-0.320184
-0.359643
-0.415182
-0.40579
-0.578835
-0.252721
-0.365505
-0.48732
-0.633806
-0.487099
-0.41337
-0.4438
-0.349224
-0.302632
-0.448963
0.0145053
-0.412501
-0.181636
-0.212099
-0.177281
0.125683
-0.0322961
-0.0051877
-0.492185
-0.0282049
0.285729
-0.983157
-0.0670398
-0.140906
-0.106638
-0.33134
0.0717341
0.290765
0.541302
0.80153
0.623041
0.48544
0.80446
0.773926
0.851788
0.821386
0.994828
0.991229
0.878195
1.01219
1.02303
1.02402
1.025
1.02599
1.02698
